velocity_kms flux_normalized error
-499.0466 0.7621 0.0346
-496.5508 0.6936 0.0332
-494.0549 0.6690 0.0329
-491.5590 0.6920 0.0330
-489.0631 0.7167 0.0334
-486.5672 0.6340 0.0316
-484.0713 0.6189 0.0316
-481.5753 0.5683 0.0303
-479.0793 0.5767 0.0299
-476.5833 0.5807 0.0309
-474.0873 0.5928 0.0306
-471.5912 0.6188 0.0318
-469.0952 0.5781 0.0310
-466.5991 0.5655 0.0306
-464.1030 0.5824 0.0309
-461.6068 0.6501 0.0325
-459.1107 0.6544 0.0325
-456.6145 0.6757 0.0326
-454.1183 0.7343 0.0340
-451.6221 0.7789 0.0351
-449.1259 0.7659 0.0349
-446.6296 0.7872 0.0351
-444.1334 0.8566 0.0366
-441.6371 0.8500 0.0361
-439.1407 0.9751 0.0386
-436.6444 0.8767 0.0369
-434.1480 0.8395 0.0366
-431.6517 0.8881 0.0376
-429.1553 0.8845 0.0377
-426.6588 0.9078 0.0378
-424.1624 0.9607 0.0390
-421.6659 0.9756 0.0392
-419.1695 0.8630 0.0373
-416.6730 0.8939 0.0378
-414.1764 0.9383 0.0381
-411.6799 0.8975 0.0378
-409.1833 0.9192 0.0380
-406.6867 0.8866 0.0373
-404.1901 0.8611 0.0362
-401.6935 0.8719 0.0367
-399.1968 0.9267 0.0379
-396.7002 0.8425 0.0362
-394.2035 0.8582 0.0365
-391.7068 0.9188 0.0374
-389.2100 0.8811 0.0366
-386.7133 0.9135 0.0374
-384.2165 0.8662 0.0369
-381.7197 0.8065 0.0361
-379.2229 0.8546 0.0370
-376.7260 0.8395 0.0362
-374.2292 0.9002 0.0375
-371.7323 0.8433 0.0371
-369.2354 0.8600 0.0371
-366.7385 0.8502 0.0367
-364.2415 0.8744 0.0374
-361.7446 0.8715 0.0371
-359.2476 0.9007 0.0374
-356.7506 0.9238 0.0384
-354.2536 0.9312 0.0378
-351.7565 0.9335 0.0380
-349.2595 0.9083 0.0380
-346.7624 0.9469 0.0385
-344.2653 0.9603 0.0386
-341.7681 0.9787 0.0390
-339.2710 0.9427 0.0386
-336.7738 0.8823 0.0374
-334.2766 0.9255 0.0383
-331.7794 0.9553 0.0386
-329.2822 0.9896 0.0391
-326.7849 0.9493 0.0386
-324.2876 0.9668 0.0390
-321.7904 0.9899 0.0394
-319.2930 0.9613 0.0391
-316.7957 0.9654 0.0389
-314.2983 1.0112 0.0396
-311.8010 0.9262 0.0381
-309.3036 0.9784 0.0393
-306.8061 0.9189 0.0384
-304.3087 0.9460 0.0387
-301.8112 0.8967 0.0378
-299.3138 0.9404 0.0382
-296.8162 0.9673 0.0388
-294.3187 0.9858 0.0393
-291.8212 0.9197 0.0380
-289.3236 0.9658 0.0387
-286.8260 0.8952 0.0378
-284.3284 0.8715 0.0375
-281.8308 0.8683 0.0372
-279.3331 0.9118 0.0382
-276.8355 0.9148 0.0383
-274.3378 0.8600 0.0375
-271.8401 0.8297 0.0366
-269.3423 0.8235 0.0363
-266.8446 0.8715 0.0374
-264.3468 0.8570 0.0370
-261.8490 0.7783 0.0351
-259.3512 0.7810 0.0361
-256.8534 0.6805 0.0334
-254.3555 0.6753 0.0332
-251.8576 0.7041 0.0346
-249.3597 0.6476 0.0341
-246.8618 0.6437 0.0330
-244.3639 0.6452 0.0329
-241.8659 0.6620 0.0334
-239.3679 0.6983 0.0336
-236.8699 0.6806 0.0337
-234.3719 0.6232 0.0326
-231.8738 0.6945 0.0335
-229.3758 0.6949 0.0339
-226.8777 0.6694 0.0341
-224.3796 0.7313 0.0346
-221.8814 0.7482 0.0348
-219.3833 0.7655 0.0349
-216.8851 0.7595 0.0352
-214.3869 0.7908 0.0358
-211.8887 0.8691 0.0370
-209.3905 0.8676 0.0373
-206.8922 0.8248 0.0369
-204.3940 0.8373 0.0370
-201.8957 0.9391 0.0387
-199.3973 0.8918 0.0379
-196.8990 0.9118 0.0378
-194.4007 0.9241 0.0385
-191.9023 0.9372 0.0388
-189.4039 0.9324 0.0387
-186.9055 0.8950 0.0379
-184.4070 0.9305 0.0388
-181.9085 0.9384 0.0389
-179.4101 0.9147 0.0386
-176.9116 0.9441 0.0391
-174.4130 1.0288 0.0407
-171.9145 0.8999 0.0384
-169.4159 0.9555 0.0396
-166.9173 0.9810 0.0397
-164.4187 0.9753 0.0395
-161.9201 0.9792 0.0397
-159.4215 0.9665 0.0391
-156.9228 0.9620 0.0392
-154.4241 0.9759 0.0396
-151.9254 0.9366 0.0389
-149.4266 0.9337 0.0390
-146.9279 0.9262 0.0389
-144.4291 0.9399 0.0388
-141.9303 0.9054 0.0385
-139.4315 0.9513 0.0392
-136.9327 1.0026 0.0401
-134.4338 0.9459 0.0388
-131.9349 0.9046 0.0381
-129.4360 0.9204 0.0390
-126.9371 0.8939 0.0383
-124.4382 0.8802 0.0380
-121.9392 0.8727 0.0378
-119.4402 0.8676 0.0380
-116.9412 0.8610 0.0375
-114.4422 0.8298 0.0370
-111.9431 0.8456 0.0379
-109.4441 0.8837 0.0383
-106.9450 0.8606 0.0378
-104.4459 0.8432 0.0372
-101.9468 0.8314 0.0371
-99.4476 0.8377 0.0375
-96.9484 0.7509 0.0353
-94.4492 0.7261 0.0344
-91.9500 0.7014 0.0343
-89.4508 0.6752 0.0338
-86.9515 0.6253 0.0331
-84.4523 0.6083 0.0323
-81.9530 0.6092 0.0318
-79.4537 0.5890 0.0315
-76.9543 0.5647 0.0312
-74.4550 0.5481 0.0313
-71.9556 0.5322 0.0308
-69.4562 0.6111 0.0323
-66.9568 0.6111 0.0323
-64.4573 0.5727 0.0319
-61.9579 0.5255 0.0307
-59.4584 0.4495 0.0286
-56.9589 0.3245 0.0251
-54.4593 0.1733 0.0201
-51.9598 0.0363 0.0139
-49.4602 0.0133 0.0124
-46.9606 0.0274 0.0125
-44.4610 -0.0007 0.0117
-41.9614 -0.0299 0.0114
-39.4618 -0.0050 0.0118
-36.9621 -0.0005 0.0115
-34.4624 0.0169 0.0132
-31.9627 -0.0050 0.0116
-29.4629 -0.0101 0.0115
-26.9632 0.0126 0.0121
-24.4634 -0.0116 0.0116
-21.9636 -0.0139 0.0113
-19.4638 -0.0103 0.0116
-16.9640 0.0153 0.0123
-14.4641 -0.0036 0.0113
-11.9642 -0.0205 0.0115
-9.4643 -0.0130 0.0116
-6.9644 0.0160 0.0124
-4.4645 -0.0022 0.0117
-1.9645 0.0012 0.0117
0.5355 -0.0060 0.0116
3.0355 -0.0020 0.0113
5.5355 -0.0097 0.0115
8.0356 -0.0143 0.0119
10.5356 0.0054 0.0118
13.0357 -0.0051 0.0118
15.5358 -0.0080 0.0112
18.0359 0.0010 0.0113
20.5361 0.0058 0.0114
23.0363 0.0036 0.0112
25.5365 -0.0189 0.0111
28.0367 -0.0166 0.0119
30.5369 -0.0247 0.0114
33.0372 -0.0069 0.0119
35.5374 0.0090 0.0126
38.0377 0.0069 0.0123
40.5381 0.0257 0.0129
43.0384 0.0123 0.0120
45.5387 0.0051 0.0126
48.0391 0.0073 0.0119
50.5395 0.0164 0.0125
53.0400 0.0115 0.0113
55.5404 0.0033 0.0117
58.0409 0.0268 0.0128
60.5413 0.0006 0.0116
63.0418 0.0043 0.0115
65.5424 0.0147 0.0122
68.0429 -0.0082 0.0117
70.5435 -0.0158 0.0112
73.0441 -0.0150 0.0118
75.5447 0.0011 0.0116
78.0453 0.0064 0.0118
80.5460 0.0248 0.0132
83.0466 0.0369 0.0131
85.5473 0.0204 0.0121
88.0480 0.0015 0.0112
90.5488 0.0232 0.0120
93.0495 0.0174 0.0112
95.5503 -0.0039 0.0113
98.0511 0.0009 0.0112
100.5519 0.0046 0.0108
103.0528 0.0133 0.0114
105.5536 0.0091 0.0113
108.0545 0.0255 0.0123
110.5554 0.0544 0.0137
113.0563 0.1118 0.0167
115.5573 0.2449 0.0224
118.0582 0.3342 0.0251
120.5592 0.4622 0.0285
123.0602 0.5750 0.0308
125.5612 0.6107 0.0319
128.0623 0.7082 0.0567
130.5634 0.7140 0.0552
133.0644 0.7870 0.0581
135.5656 0.7940 0.0588
138.0667 0.8102 0.0588
140.5678 0.8955 0.0616
143.0690 0.8475 0.0622
145.5702 0.8319 0.0364
148.0714 0.8563 0.0369
150.5727 0.8607 0.0372
153.0739 0.8238 0.0363
155.5752 0.9076 0.0378
158.0765 0.9225 0.0376
160.5778 0.8896 0.0370
163.0791 0.9532 0.0386
165.5805 0.9110 0.0376
168.0819 0.9368 0.0384
170.5833 0.8835 0.0378
173.0847 0.9581 0.0388
175.5861 0.9524 0.0384
178.0876 0.9355 0.0385
180.5891 0.8654 0.0374
183.0906 0.9082 0.0379
185.5921 0.9300 0.0382
188.0937 0.9435 0.0382
190.5952 0.9397 0.0381
193.0968 0.9460 0.0385
195.5984 0.9262 0.0380
198.1001 0.8964 0.0374
200.6017 0.8765 0.0373
203.1034 0.8621 0.0370
205.6051 0.9259 0.0377
208.1068 0.9529 0.0383
210.6085 0.9065 0.0378
213.1103 0.9208 0.0377
215.6121 0.9461 0.0386
218.1139 0.9746 0.0390
220.6157 0.9607 0.0382
223.1175 0.9766 0.0386
225.6194 0.9303 0.0379
228.1213 0.9268 0.0379
230.6232 0.9445 0.0386
233.1251 0.9527 0.0386
235.6270 0.9210 0.0383
238.1290 1.0167 0.0393
240.6310 0.9866 0.0387
243.1330 0.9284 0.0376
245.6350 0.9132 0.0371
248.1371 0.9575 0.0381
250.6392 1.0017 0.0393
253.1412 0.9845 0.0392
255.6434 0.9688 0.0387
258.1455 0.9684 0.0390
260.6476 1.0479 0.0397
263.1498 1.0290 0.0396
265.6520 0.9791 0.0384
268.1542 0.9417 0.0379
270.6565 0.9159 0.0375
273.1587 0.9856 0.0387
275.6610 0.9796 0.0383
278.1633 0.9713 0.0383
280.6656 0.9677 0.0388
283.1679 0.9532 0.0387
285.6703 0.9796 0.0386
288.1727 0.9730 0.0383
290.6751 0.9656 0.0381
293.1775 0.9865 0.0385
295.6800 0.9795 0.0385
298.1824 0.9424 0.0379
