# velocity_kms flux_normalized error
-299.0644 9.1795e-01 1.6710e-01
-297.3700 9.6933e-01 1.6187e-01
-295.6757 1.1693e+00 1.6282e-01
-293.9814 9.7680e-01 1.5092e-01
-292.2870 9.9005e-01 1.7354e-01
-290.5927 1.0074e+00 1.7333e-01
-288.8983 9.9890e-01 1.5066e-01
-287.2040 1.0240e+00 1.6220e-01
-285.5096 9.6735e-01 1.6362e-01
-283.8153 9.4773e-01 1.7259e-01
-282.1210 9.9208e-01 1.6838e-01
-280.4266 1.0909e+00 1.6206e-01
-278.7323 1.0592e+00 1.7321e-01
-277.0379 1.0145e+00 1.7314e-01
-275.3436 1.0372e+00 1.6465e-01
-273.6493 1.0880e+00 1.7302e-01
-271.9549 1.1836e+00 1.8099e-01
-270.2606 9.4886e-01 1.7120e-01
-268.5662 1.0879e+00 1.7872e-01
-266.8719 9.9999e-01 1.6497e-01
-265.1776 9.3714e-01 1.6922e-01
-263.4832 8.9613e-01 1.6752e-01
-261.7889 1.0882e+00 1.6244e-01
-260.0945 1.0333e+00 1.7811e-01
-258.4002 1.0404e+00 1.8339e-01
-256.7059 1.1050e+00 1.7820e-01
-255.0115 9.3410e-01 1.7000e-01
-253.3172 1.1101e+00 1.6417e-01
-251.6228 1.0484e+00 1.8294e-01
-249.9285 9.7407e-01 1.8104e-01
-248.2341 9.1548e-01 1.5907e-01
-246.5398 1.1387e+00 1.8011e-01
-244.8455 1.0753e+00 1.8264e-01
-243.1511 1.1772e+00 1.8996e-01
-241.4568 1.0807e+00 1.8266e-01
-239.7624 8.3529e-01 1.6272e-01
-238.0681 9.0560e-01 1.7815e-01
-236.3738 1.1056e+00 1.8647e-01
-234.6794 1.0425e+00 1.7269e-01
-232.9851 9.9851e-01 1.8092e-01
-231.2907 9.0303e-01 1.7741e-01
-229.5964 1.1514e+00 1.8619e-01
-227.9021 1.1228e+00 1.8638e-01
-226.2077 1.1580e+00 1.8521e-01
-224.5134 1.0808e+00 1.8794e-01
-222.8190 1.0214e+00 1.9137e-01
-221.1247 9.6893e-01 1.6664e-01
-219.4304 9.7051e-01 1.8374e-01
-217.7360 9.3314e-01 1.8849e-01
-216.0417 9.4346e-01 1.7178e-01
-214.3473 1.1154e+00 1.9019e-01
-212.6530 1.1299e+00 1.9121e-01
-210.9586 9.7834e-01 1.9451e-01
-209.2643 9.1552e-01 1.9422e-01
-207.5700 1.0364e+00 1.7379e-01
-205.8756 1.0833e+00 1.9588e-01
-204.1813 9.5537e-01 1.9178e-01
-202.4869 1.0252e+00 1.9007e-01
-200.7926 9.8150e-01 2.0170e-01
-199.0983 1.0206e+00 1.9581e-01
-197.4039 1.0998e+00 1.9995e-01
-195.7096 9.9253e-01 1.9404e-01
-194.0152 1.0804e+00 1.9295e-01
-192.3209 1.1169e+00 2.1428e-01
-190.6266 1.0271e+00 1.9936e-01
-188.9322 9.2939e-01 1.7793e-01
-187.2379 1.0241e+00 1.9715e-01
-185.5435 1.0205e+00 1.9973e-01
-183.8492 1.1196e+00 2.0657e-01
-182.1549 1.1034e+00 2.0192e-01
-180.4605 9.5128e-01 1.9049e-01
-178.7662 8.5389e-01 1.9866e-01
-177.0718 1.0209e+00 2.0925e-01
-175.3775 9.7082e-01 1.8870e-01
-173.6831 8.2850e-01 1.9552e-01
-171.9888 9.2620e-01 1.9790e-01
-170.2945 1.2701e+00 2.0847e-01
-168.6001 1.1275e+00 2.1177e-01
-166.9058 1.0467e+00 2.1212e-01
-165.2114 1.0191e+00 2.0734e-01
-163.5171 9.4071e-01 1.9864e-01
-161.8228 7.2659e-01 1.8194e-01
-160.1284 1.0003e+00 2.1730e-01
-158.4341 9.6906e-01 2.2144e-01
-156.7397 7.7519e-01 1.8733e-01
-155.0454 9.9280e-01 2.1400e-01
-153.3511 1.3380e+00 2.3042e-01
-151.6567 9.7910e-01 2.1736e-01
-149.9624 9.6923e-01 2.2143e-01
-148.2680 9.0402e-01 1.9793e-01
-146.5737 1.0553e+00 2.2873e-01
-144.8794 1.0603e+00 2.2588e-01
-143.1850 1.0620e+00 2.0266e-01
-141.4907 1.0133e+00 2.3012e-01
-139.7963 1.0685e+00 2.3008e-01
-138.1020 1.1656e+00 2.2005e-01
-136.4076 1.1097e+00 2.2313e-01
-134.7133 1.1575e+00 2.2066e-01
-133.0190 9.8379e-01 2.3121e-01
-131.3246 8.5844e-01 2.2142e-01
-129.6303 8.3672e-01 1.9459e-01
-127.9359 9.0484e-01 2.2933e-01
-126.2416 9.2815e-01 2.3026e-01
-124.5473 9.5386e-01 2.0901e-01
-122.8529 1.0757e+00 2.3393e-01
-121.1586 1.0939e+00 2.3208e-01
-119.4642 1.1244e+00 2.3366e-01
-117.7699 1.0521e+00 2.2948e-01
-116.0756 1.2601e+00 2.4070e-01
-114.3812 1.0663e+00 2.4662e-01
-112.6869 1.0303e+00 2.3356e-01
-110.9925 1.1622e+00 2.1291e-01
-109.2982 9.3165e-01 2.2672e-01
-107.6039 8.3890e-01 2.3166e-01
-105.9095 9.9487e-01 2.2862e-01
-104.2152 1.0637e+00 2.3787e-01
-102.5208 8.9698e-01 2.3662e-01
-100.8265 1.1961e+00 2.5789e-01
-99.1321 1.1160e+00 2.5145e-01
-97.4378 1.2552e+00 2.4222e-01
-95.7435 1.2173e+00 2.5996e-01
-94.0491 1.1813e+00 2.6526e-01
-92.3548 1.0985e+00 2.3230e-01
-90.6604 1.0090e+00 2.5228e-01
-88.9661 9.9452e-01 2.6249e-01
-87.2718 1.1554e+00 2.4973e-01
-85.5774 1.3683e+00 2.6465e-01
-83.8831 1.3609e+00 2.7012e-01
-82.1887 1.2495e+00 2.7189e-01
-80.4944 1.3759e+00 2.7982e-01
-78.8001 1.4221e+00 2.5531e-01
-77.1057 1.1619e+00 2.7367e-01
-75.4114 1.3465e+00 2.8380e-01
-73.7170 1.2928e+00 2.4850e-01
-72.0227 1.3478e+00 2.8889e-01
-70.3284 1.3354e+00 3.0052e-01
-68.6340 1.1479e+00 2.7281e-01
-66.9397 1.0862e+00 2.7880e-01
-65.2453 9.2932e-01 2.6674e-01
-63.5510 1.1590e+00 2.8155e-01
-61.8566 1.2199e+00 2.8846e-01
-60.1623 1.1372e+00 2.5484e-01
-58.4680 9.4899e-01 2.8106e-01
-56.7736 1.2671e+00 2.9236e-01
-55.0793 9.6332e-01 2.4941e-01
-53.3849 1.2130e+00 3.0032e-01
-51.6906 1.4204e+00 3.1274e-01
-49.9963 1.1227e+00 2.7033e-01
-48.3019 1.3719e+00 2.9581e-01
-46.6076 1.2599e+00 2.9065e-01
-44.9132 1.1382e+00 3.0747e-01
-43.2189 1.0516e+00 3.0611e-01
-41.5246 9.0018e-01 2.6118e-01
-39.8302 9.8233e-01 3.0970e-01
-38.1359 1.1739e+00 3.1668e-01
-36.4415 1.5266e+00 2.9335e-01
-34.7472 1.4057e+00 3.3044e-01
-33.0529 1.1916e+00 3.2867e-01
-31.3585 8.2134e-01 2.9047e-01
-29.6642 1.2032e+00 3.1819e-01
-27.9698 1.4006e+00 3.2877e-01
-26.2755 9.1681e-01 3.1349e-01
-24.5811 8.8736e-01 3.0955e-01
-22.8868 9.9989e-01 2.7393e-01
-21.1925 8.1785e-01 3.1926e-01
-19.4981 8.6166e-01 3.1965e-01
-17.8038 1.3057e+00 2.9798e-01
-16.1094 1.1587e+00 3.3839e-01
-14.4151 1.0291e+00 3.3500e-01
-12.7208 1.2723e+00 3.2771e-01
-11.0264 9.0544e-01 3.2446e-01
-9.3321 1.0770e+00 3.2626e-01
-7.6377 1.0313e+00 3.5359e-01
-5.9434 9.3477e-01 3.4118e-01
-4.2491 9.3033e-01 2.9270e-01
-2.5547 9.5783e-01 3.5442e-01
-0.8604 1.2236e+00 3.7081e-01
0.8340 1.1576e+00 3.1296e-01
2.5283 9.3145e-01 3.5378e-01
4.2226 7.9839e-01 3.4889e-01
5.9170 7.7921e-01 3.1788e-01
7.6113 1.1999e+00 3.6965e-01
9.3057 1.0561e+00 3.7437e-01
11.0000 1.0005e+00 3.7954e-01
12.6944 1.1591e+00 3.8031e-01
14.3887 1.2828e+00 3.5712e-01
16.0830 7.3274e-01 3.7492e-01
17.7774 1.1587e+00 3.8738e-01
19.4717 9.7926e-01 3.3401e-01
21.1661 1.1137e+00 4.1715e-01
22.8604 1.2452e+00 4.2602e-01
24.5547 9.2535e-01 3.6101e-01
26.2491 9.5729e-01 4.0687e-01
27.9434 1.1963e+00 4.2787e-01
29.6378 1.1874e+00 4.0543e-01
31.3321 1.1594e+00 4.2607e-01
33.0264 1.0480e+00 4.1466e-01
34.7208 1.0060e+00 4.0884e-01
36.4151 1.2147e+00 4.2428e-01
38.1095 1.2855e+00 3.9293e-01
39.8038 8.1271e-01 4.2829e-01
41.4981 8.4087e-01 4.3604e-01
43.1925 1.2998e+00 4.0031e-01
44.8868 1.4751e+00 4.7929e-01
46.5812 1.4474e+00 4.8439e-01
48.2755 1.2403e+00 4.3079e-01
49.9699 1.2231e+00 4.7227e-01
51.6642 1.2248e+00 4.8176e-01
53.3585 1.0718e+00 4.7303e-01
55.0529 9.0522e-01 4.7815e-01
56.7472 1.3558e+00 4.7521e-01
58.4416 1.1652e+00 5.1768e-01
60.1359 8.8259e-01 5.1447e-01
61.8302 6.5312e-01 4.2616e-01
63.5246 7.8128e-01 5.0818e-01
65.2189 6.0865e-01 5.1355e-01
66.9133 7.1162e-01 4.5155e-01
68.6076 8.7849e-01 5.3587e-01
70.3019 1.1652e+00 5.5714e-01
71.9963 1.4838e+00 5.1576e-01
73.6906 1.4086e+00 5.6353e-01
75.3850 1.1411e+00 5.7240e-01
77.0793 1.5585e+00 6.2803e-01
78.7736 1.4335e+00 6.1462e-01
80.4680 1.3178e+00 5.7108e-01
82.1623 1.3180e+00 6.3091e-01
83.8567 1.2357e+00 6.4069e-01
85.5510 1.6590e+00 5.9556e-01
87.2454 1.0158e+00 6.5164e-01
88.9397 1.0307e+00 6.7566e-01
90.6340 1.4116e+00 5.8755e-01
92.3284 1.4062e+00 6.6814e-01
94.0227 1.0895e+00 6.7942e-01
95.7171 2.1167e+00 6.9574e-01
97.4114 1.5074e+00 7.1283e-01
99.1057 1.0231e+00 7.3909e-01
