# velocity_kms flux_normalized error
-299.9548 -8.7962e+01 -6.3207e+01
-298.2645 -5.6246e+01 -5.6052e+01
-296.5743 -1.3613e+00 -6.2080e+01
-294.8841 4.7164e+01 -6.4429e+01
-293.1939 5.6332e+01 -5.7321e+01
-291.5037 8.5900e+01 -6.5106e+01
-289.8134 5.8857e+01 -7.0305e+01
-288.1232 -2.9731e+01 -6.8349e+01
-286.4330 -4.8476e+00 -8.8690e+01
-284.7428 -8.9866e+00 -9.6548e+01
-283.0525 -3.0565e+01 -8.9253e+01
-281.3623 8.2570e+00 -1.1002e+02
-279.6721 3.2394e+01 -1.2050e+02
-277.9819 1.0593e+02 -1.0919e+02
-276.2916 6.8636e+01 -1.5620e+02
-274.6014 8.5619e+00 -1.8528e+02
-272.9112 -1.5897e+02 -1.9996e+02
-271.2210 -2.4160e+02 -2.9657e+02
-269.5307 -2.4772e+02 -3.9056e+02
-267.8405 -1.1748e+02 -4.7071e+02
-266.1503 4.8007e+02 -9.7284e+02
-264.4601 1.4141e+04 -1.3668e+04
-262.7698 -1.5612e+03 9.3226e+02
-261.0796 1.7936e+02 6.0012e+02
-259.3894 2.1595e+02 3.9896e+02
-257.6992 -3.2778e+02 2.1817e+02
-256.0089 -1.1619e+02 2.1735e+02
-254.3187 -2.2553e+00 1.8461e+02
-252.6285 1.9086e+02 1.4810e+02
-250.9383 7.1598e+01 1.4288e+02
-249.2480 2.0359e+01 1.2508e+02
-247.5578 6.1966e+01 1.0385e+02
-245.8676 2.1279e+01 1.0391e+02
-244.1774 8.6553e+00 9.4232e+01
-242.4872 4.6029e+01 8.2519e+01
-240.7969 1.4614e+00 7.6743e+01
-239.1067 -1.9008e+01 6.7666e+01
-237.4165 -3.6794e+01 5.8526e+01
-235.7263 -1.0003e+01 6.4625e+01
-234.0360 4.0698e+00 6.1688e+01
-232.3458 -7.4824e+00 5.3012e+01
-230.6556 -1.0524e+00 5.7263e+01
-228.9654 9.7003e+00 5.4680e+01
-227.2751 3.1127e+01 4.5135e+01
-225.5849 9.1491e+00 4.7505e+01
-223.8947 -1.9963e+01 4.4991e+01
-222.2045 -7.0817e+01 3.6163e+01
-220.5142 -2.3602e+00 4.1416e+01
-218.8240 3.0573e+01 4.0816e+01
-217.1338 3.6982e-01 3.5790e+01
-215.4436 5.1841e+00 3.9345e+01
-213.7533 1.5293e+01 3.9213e+01
-212.0631 4.6882e+01 4.7004e+01
-210.3729 1.5545e+01 4.0463e+01
-208.6827 -1.8259e+01 3.3564e+01
-206.9924 8.2326e+00 2.9514e+01
-205.3022 3.0247e+00 3.0859e+01
-203.6120 2.9064e+00 2.9678e+01
-201.9218 2.3748e+01 2.7873e+01
-200.2315 -4.9867e+00 2.8140e+01
-198.5413 -1.7445e+01 2.6498e+01
-196.8511 -7.6275e+00 2.3463e+01
-195.1609 -2.8875e+01 2.4233e+01
-193.4707 -2.9169e+01 2.3334e+01
-191.7804 1.4898e+01 2.3600e+01
-190.0902 -1.6670e+00 2.3077e+01
-188.4000 -1.1135e+01 2.1461e+01
-186.7098 -4.3363e+00 2.1097e+01
-185.0195 -6.3217e+00 2.1987e+01
-183.3293 -1.6863e+00 2.1098e+01
-181.6391 1.2938e+01 1.9487e+01
-179.9489 1.3945e+01 2.1223e+01
-178.2586 4.2938e+00 2.0612e+01
-176.5684 -2.4456e+01 1.6579e+01
-174.8782 -1.4659e+01 1.8696e+01
-173.1880 -5.9916e+00 1.8502e+01
-171.4977 -1.2816e+01 1.6578e+01
-169.8075 -1.0087e+01 1.8274e+01
-168.1173 -8.6608e+00 1.7807e+01
-166.4271 -5.0292e+00 1.5677e+01
-164.7368 3.7972e+00 1.7913e+01
-163.0466 5.1601e+00 1.7575e+01
-161.3564 -8.9504e+00 1.3838e+01
-159.6662 -6.6989e+00 1.5906e+01
-157.9759 -5.6129e+00 1.5698e+01
-156.2857 -1.2086e+01 1.3635e+01
-154.5955 1.2506e+00 1.7499e+01
-152.9053 2.6726e+00 1.7478e+01
-151.2150 -1.4981e+01 1.2695e+01
-149.5248 1.9534e+01 1.7600e+01
-147.8346 2.5530e+01 1.7807e+01
-146.1444 -5.2710e-01 1.3105e+01
-144.4542 5.3674e-01 1.4793e+01
-142.7639 -7.3803e+00 1.4352e+01
-141.0737 -2.0381e+01 1.1565e+01
-139.3835 -4.8287e+00 1.5167e+01
-137.6933 -2.3154e+00 1.5102e+01
-136.0030 -1.0629e+01 1.1697e+01
-134.3128 3.9118e+00 1.5551e+01
-132.6226 7.8462e+00 1.5372e+01
-130.9324 -2.2741e+00 1.1022e+01
-129.2421 -6.8588e+00 1.3822e+01
-127.5519 7.2646e-01 1.3927e+01
-125.8617 1.8753e+01 1.2148e+01
-124.1715 -2.8577e+00 1.2708e+01
-122.4812 -4.8236e+00 1.2641e+01
-120.7910 3.4186e+00 1.1589e+01
-119.1008 4.7761e+00 1.3273e+01
-117.4106 7.8816e+00 1.3420e+01
-115.7203 1.1370e+01 1.2064e+01
-114.0301 -1.9287e-01 1.2378e+01
-112.3399 -1.0591e+00 1.2108e+01
-110.6497 -1.8022e+00 1.0266e+01
-108.9594 -2.1200e+00 1.1988e+01
-107.2692 1.8990e+00 1.2104e+01
-105.5790 5.9403e+00 1.0836e+01
-103.8888 -1.2188e+01 1.0684e+01
-102.1986 -9.3464e+00 1.0690e+01
-100.5083 -1.9599e+00 9.8169e+00
-98.8181 3.7985e+00 1.1627e+01
-97.1279 -9.4866e-01 1.1080e+01
-95.4377 -9.7622e+00 9.1349e+00
-93.7474 9.0276e-01 1.0865e+01
-92.0572 5.5503e+00 1.0921e+01
-90.3670 6.1473e+00 1.0465e+01
-88.6768 3.9421e-01 1.3245e+01
-86.9865 -2.5758e+00 1.1739e+01
-85.2963 -6.3214e+00 9.2940e+00
-83.6061 -9.3055e+00 8.9301e+00
-81.9159 -4.6089e+00 9.3500e+00
-80.2256 5.8632e-01 1.0018e+01
-78.5354 2.8433e+00 9.9373e+00
-76.8452 -3.3522e-01 9.5341e+00
-75.1550 -5.0842e+00 9.3234e+00
-73.4647 -2.2083e+00 9.2833e+00
-71.7745 -1.6015e+00 9.1779e+00
-70.0843 2.4519e-01 8.9603e+00
-68.3941 7.7329e+00 9.5661e+00
-66.7038 6.1310e+00 9.8153e+00
-65.0136 4.9012e+00 9.5314e+00
-63.3234 6.7733e+00 8.6160e+00
-61.6332 6.8868e+00 9.4712e+00
-59.9429 3.8631e+00 9.2930e+00
-58.2527 -7.8158e+00 7.2717e+00
-56.5625 2.6471e+00 8.6508e+00
-54.8723 2.6566e+00 8.5780e+00
-53.1821 -1.8424e+01 6.4864e+00
-51.4918 -7.7182e-01 8.5303e+00
-49.8016 5.0851e+00 8.6278e+00
-48.1114 -4.0900e+00 7.0447e+00
-46.4212 -5.1400e+00 8.2539e+00
-44.7309 -7.3031e+00 8.0816e+00
-43.0407 -1.1003e+01 6.3038e+00
-41.3505 -5.4528e-01 8.5815e+00
-39.6603 8.4602e-01 8.5943e+00
-37.9700 -4.3401e+00 6.8634e+00
-36.2798 6.5859e+00 8.5787e+00
-34.5896 9.9087e+00 8.7216e+00
-32.8994 9.3303e+00 7.7916e+00
-31.2091 -5.1034e+00 7.1476e+00
-29.5189 -5.3507e+00 7.0752e+00
-27.8287 -3.2659e-01 6.4858e+00
-26.1385 -5.1666e+00 6.9041e+00
-24.4482 -3.7702e+00 7.0619e+00
-22.7580 -3.0610e-02 6.9968e+00
-21.0678 1.2900e+01 8.1878e+00
-19.3776 2.1077e+00 7.3344e+00
-17.6873 -8.6417e+00 6.3498e+00
-15.9971 1.8295e+01 8.9936e+00
-14.3069 6.0564e+00 9.1112e+00
-12.6167 -1.3556e+00 9.2787e+00
-10.9264 4.1603e+01 8.2145e+00
-9.2362 1.6039e+01 7.4910e+00
-7.5460 -5.4510e+00 6.7406e+00
-5.8558 1.4661e+00 7.0178e+00
-4.1656 6.9768e+00 7.4421e+00
-2.4753 7.5987e+00 7.1759e+00
-0.7851 -3.2508e+00 5.6349e+00
0.9051 6.7047e-01 6.7979e+00
2.5953 1.2387e+00 6.7349e+00
4.2856 -3.7877e+00 5.1422e+00
5.9758 6.1909e-01 6.8914e+00
7.6660 2.2777e+00 7.0280e+00
9.3562 1.5333e+00 6.0249e+00
11.0465 -1.6693e+00 6.1708e+00
12.7367 -2.8849e+00 6.0358e+00
14.4269 -2.8019e+00 5.1457e+00
16.1171 -2.3403e+00 5.8495e+00
17.8074 -4.1278e+00 5.8499e+00
19.4976 -6.7459e+00 5.2112e+00
21.1878 -2.0015e+00 6.1374e+00
22.8780 2.0588e-01 6.2611e+00
24.5683 1.3453e+00 6.1115e+00
26.2585 -2.6746e+00 5.6856e+00
27.9487 -1.4725e+00 6.0502e+00
29.6389 3.9213e-01 6.4812e+00
31.3292 -2.1776e-02 5.9148e+00
33.0194 9.0866e-01 5.7498e+00
34.7096 1.1305e+00 5.5750e+00
36.3998 -2.4915e+00 5.3720e+00
38.0901 2.0775e+00 5.6457e+00
39.7803 4.1417e+00 5.5142e+00
41.4705 -1.7283e+00 5.0085e+00
43.1607 6.2471e+00 6.4319e+00
44.8509 6.8791e+00 6.4439e+00
46.5412 -4.1699e+00 4.5521e+00
48.2314 -7.7305e+00 5.2312e+00
49.9216 -5.5271e+00 5.2571e+00
51.6118 2.9935e+00 4.7451e+00
53.3021 3.2275e-01 5.4484e+00
54.9923 -7.3590e-01 5.4050e+00
56.6825 -1.2463e+00 4.5746e+00
58.3727 -7.8209e-01 5.5770e+00
60.0630 -1.2435e+00 5.8637e+00
61.7532 -1.8731e+00 5.8470e+00
63.4434 5.0624e-02 5.2409e+00
65.1336 5.3856e-01 5.1609e+00
66.8239 4.1632e-01 5.1060e+00
68.5141 -2.4631e+00 4.6989e+00
70.2043 1.3191e+00 5.0477e+00
71.8945 4.7690e+00 5.3161e+00
73.5848 4.0491e+00 6.1171e+00
75.2750 1.5610e+00 5.8198e+00
76.9652 6.5609e-01 5.3958e+00
78.6554 3.6717e+00 5.4836e+00
80.3457 4.6043e+00 6.5696e+00
82.0359 4.1123e+00 6.5098e+00
83.7261 1.7718e+00 5.1379e+00
85.4163 -2.5217e+00 5.3219e+00
87.1066 -1.8216e+00 5.1526e+00
88.7968 3.0460e+00 4.2538e+00
90.4870 3.0449e+00 5.1813e+00
92.1772 6.2402e-01 5.0325e+00
93.8674 -2.8105e+00 4.0850e+00
95.5577 4.0988e+00 6.1351e+00
97.2479 2.1141e+00 5.7047e+00
98.9381 -1.9789e+00 4.8257e+00
